$ANSIBLE_VAULT;1.1;AES256
33646466363732363562396533656564386533656662383164663935346362666334323562363466
3536396166646631346561353862613731333262356236390a346564623138356366383431353835
62643965346161316236366130316166326230333233373733626337623733363632363438336266
6661623564623762360a646338343766303265303364386538646265366462306337623337626361
37343662373333666631646630366431313462346131353261613634656564376239313539393933
66396133383333316239613637343138313338393565316335323039386337316261626666656338
65633839643364323031656364316164346639303633653131613666373835643737313833386433
38663339343964636665666462346364316265613034636535363037376338313334316635333761
31306534353131386135613339613234343633316236353864613532346438323635626562343831
36656266633833346462396139653265313765646666636131663865343832633437363064326266
30383862643865666231356661386662643230396462303661393836626633663734353064633431
62323230386330663666373931373631643135373539373965366632666533643036363066636139
65376435366539396134333930313936356437393861666434303731366433316664623836636132
64303562386233373336373064373134333564383231666231336534366230646434303863373737
61393466346536363537343063366536653831656431383161323064356234353261383363373535
33663035313366316131666564396162636439626639623534633833346436663766333964366633
30383530663161383435333035363365373836376663663035633263643830333232623235393332
39303435373062393637343033346539333838333430306636316136656663626634633236636537
64333737653361346134396438313464663539343165616165323738656230333064613063373435
65306337643964343337333835343634653566316163346463313863303531383435306633623166
30356438343739643333343031376363666133666130353339663564353334323664306361396565
63306663636462656364333133393038356339386537386531613538313239656537343035643537
30383839373866373233303439396564363930383665663364353430613038626131366666343731
65633664633235386439
