$ANSIBLE_VAULT;1.1;AES256
31333331326137303935333939306639633732343766636433396138356532386166653363666232
3837383663333131323462393462356330366631376262330a313165616337633963643261386337
66653963393363626238333831383065396535653966356534343662613430346233636533653166
3932323561623535650a353833613335303339666232383438633961353931343465353761323164
65306339303539376465356235333562373833626431646131323736346132623332633566646438
62336161343064306365616431626466626262336563303863316332313262653865376561393562
64366236373735373564323566386635313537643230656639376264396263373566353039643732
63613630386432373231663466653835306130643436363363326435646561653035363263303263
31633963396161316432336431633538636638646531336234666338373064663664303031353166
61366530353863343330343562313765646333353066626361303062353562393438316632643663
32326333386336636237373438326139393934376631356633323230346230666137333931383536
39316435306262333831663062646237386364623539643238333034323837316531383536623239
63316131313961343034326163303339666664303661313561353563313533346230356534366363
61316437313530363661313137656262303033343530383435313538353031393662636637636336
62643235613966613363633431353330316362623132396430666139646533303862396636663964
32313330373632313764393338616532663836376630623936363233383330636566333630393165
64636266323161366432613435646534386164363430616636616136303938653731626532393438
36356539363434656333393264306238656561396632336164363862306630656531666338396232
34376439353565646536316135393239616631663339373563396237373236653836343966386532
32323866643432363366663438316633306461333464373665653062363434643730626335333834
63316334616432346533623134383133623465386630623838346533633032363534303638656637
64303666363765333261353562383133643662343739663530643838663434656536646539306662
33626263633735333230396534303532613939663531323932353666386433353735636234323131
35616334613961633865373333336165356162336261616165356330636239376634313934303266
38643734656137333233323136316462323139396537636163396337646633663532393331663230
35383831623434306461303166636464386636306633323062653965353833616264333061313236
35393737396335383966383036663065363766656134306561303662643365396461613834656538
34386635623464663635653365373262336430623335613963353635366138383733653936373565
37303932656265663932303337623435396434373131313639656634643131343838616265656430
30643634656233643138646230643061613233626137653530643434623537333736353638613138
64316535636139323663346237383564386133383432313234393330633336613830383034343565
64343038336233613935333738656430333731393566366562303231633631373365323837343063
36653565623937316636656632303636653936613936343938383531656563343132343635616135
31633061636439396635653939303663383365353064623734643962343532396662323137373064
63393735626436356564346633363938386530663531333364656466353433346434353837626530
33633031643236373831376234323237393937323064333439636638636638363461633437386331
64616463616536353962323337313766623666386236353236636437376162313838323735363335
30613434653534373138666563336638383739376162623038616166636130656337383130363862
63383163313134353935393866333266336230393530666330396566323864306464343064336334
38383939363939643230313363343035313938613063343863376331613232303736376430353634
34333938386563663936383138313432313138366365356430343964663735396264653065626261
64333065323534313933393730613436393762656337626539336137393135353965643539376265
63316139653036313364336433626536623766623761653839353765393430376435643866646264
35396337386131633532643334326164613036386434373935613935343032616564616536333061
64653534623664333665383935613232653638613866623238643134363865643635376332366639
35373533613962623961636263613562383763633537643036303930396634373531643661336533
32303337636161303730323632353338666232333633636664633031343966383232353130316162
64366235666665653663393661666563336464303836393635653263313637303239346131383333
64613463343735333938636363633934333032663030326563363261326232666265663934373130
36333266656466663764366665623062663733393932313533303462666164623234346633386337
35353165303765323733303265373464323362636563643131646636373933663562346134386330
61326331376333336164653431633561393835636561366333396332333333376433643063643233
35613263633636313738353938333139316464343733393566383665346639333366386261623935
34626431666663376666323763386234376335663664656337303536346333386139623361656134
38346266366239653961373862383763336633613261393632303865386162303038653231363934
36366537316331653034623230623334336262323338366263616538373362653966643531396637
32393634323332646365663234346336663466393361323638356134333637366536633133653130
32386132373263666263653932396337373562633735316365636530613335326465343365323737
31316632306233643939613834323861303232333865636130626336343963336535356164646366
63666338343063653637386433663333326433313064333539313735393335373564366465303933
63346131653231643964353663623163346335353134323338396233666632363536336533333437
38623961666637663536396162623265313230306438646439356465376661373762653535663337
64336433323130333466393430383563646230333332336435306636393564393662646164333336
65353866613135393036396635616264663564363730343236366330633831363737633666306235
33346663383236623865393338316662616163653939376131306237633432336231373131303433
63366132633763666337663365653165663635316537663234353838383461333637353539303736
63353561306462316664623238376265323765343131646138363531316533313935353334636332
33656530656461386166386335373561316636376365376230623161373865353764396538376665
66323538663161376232353961353732363463613732383433336332306431616536616664383639
37643832333161383834303961386639356366373761363733376332623831333938333564663637
65316639626461656434623833663636373766386134613930393966393163623366316533633639
39313434356431386139326430636332633434613663323362613137303862313932666337346338
35366166383065623839366466373632333465376463303662613736663332396633386233373161
38316330383865303839626430376136633330383938353934343361643836666537663630326134
31313738666231666266336539396335303961323062373030363634393931623935333934626164
62346562333239613261616563646638336666623261353439343262663337633965646639653931
33666135353038383231303637373266316636393661313837613961633939373463636365386336
36386166353161363733636261316537663937646264343734633236393433383436323736363237
37323266383837633263646164303735363232646130346533626532643135663631343037363534
38336565303935643837663331623338343561366339333737346535636362376236313832333566
38383235343833363837653739353266666265393466373337386438333432323637623064373466
35616135353732313765663537323066363231376435356666346166356466666135633038376361
31393637616238316363356135653735313136653037353465623539373737363732323036643434
36303933656165653331366334343563653531383666646131613061666466666565386130336235
33353532393534393530663539666164653465313536313563646136656537656534653831376339
61386136333532346533353538646364363965393061613665633566333734653766343139613366
35643431333237303134303938613064383761396332343565643164666436626234336664656663
63373265386561343163366562383265366234323536303235623535383032303462396134343861
61316431393365643865653539383630393836646261373761616235333966646330343835643165
30623238373133343962643235373362626361656161396339303932656663353666383136363431
30303164363234616434666232353436623363346265333336376337643739396364376366396536
34326363663062643538613630663630663934643131333832303763636361386366303133373637
31346335336663333339373565303365346535316435626631646561646361386465663031373935
61643863393433333435396632383839313163336535646436326266343662386132656535623430
37313935613763613630653566353838366132313764386566633037333137396436313436396236
62643762306361366434313363643033643431376665613733333939373834663639323933643333
33333930633861326639303763646161303562333062303232366664306231363065613434653562
35383138393933383665646137396362656161353339613061383062383836343661323463373436
66636431353165393263623465343565633936323831366233623031663639323061353831336234
39353333356361323465363065386564636164393634643032386335326131633134303062316364
37373665663066666264316430393866636538613664313063323037656435636533653636383033
30373765363934333464326235633737623163656533303938316330626461376263316566336137
62323830333935356364383865353161643666616131363964323339386263353933616266353666
64636161313234383831343161623362373130636431303837653265633065626462633733653335
36373432666333363338303066343935386566353731393938303263373936663834363665653361
61373063376637383463653761353135336261633966373536353333656462656535333132376165
39626134636432646437373034303661663638623733623765356463346536303066313536656565
62653238323435643131303538353833346635623365373032363036663236333263663931383666
36306537356262646161343236316462383132376635633037613762653463653466656436313531
33336136653561613336373832623232363732666131623362386364336565646661646366656439
65333930393335343432383635656163613334363163336431366162616639303736303335616163
30373330616433646162383334313461303736386131636137306632626337616139386538383263
33306136383066376161316236646263623538303664313230646637393264613263363235623332
64366233303139653839313130376533663037303566636362383732356635396632653533376562
64613134396632363638356432663836633964346439646538613736316638303835363939636130
66646531626236316562656236613631393832346566343164323062643634386161646130636239
37316639656366613365313030363435353932333132383434373061613938306332626265323332
64323363356361616331373465636464313139613531333432616636343031373562343666353162
65616336613637613033313138663039333431633865306162363432333639633861626365373139
33313337363564356133373535336131653263313264366131663538366237336232323335366135
33373962303230373761333462393265646330326330653031396332353063626530373537633937
65626165313563343730613339663430363962613366303265643938633633336235613562643165
61306536613935346232363762316165396361303563323434326638323964643761633831303165
63323265386164373138353165643162663633376264323735346162666461653763323634356237
38343361653130366237653237353466646464323166646666646635306664623064366331316433
61663532616432336662336533386138663638643561643461623731373163343062386235353466
66383334356461353963656533383463653561376434363632613434393963653435613561393036
66333136393832663732333862356362373661363932643133623539646636353339343837653030
39623864383938383462626366653462366637313662373833666664343536323465323432663533
61313737396436393563633836623631666566633266373363613639656639666366653366636465
33333066623334663863386466623164346165333036616632333937636634333138363864303138
31643932616539343666333338333565636566646234326131346132613936343030653134376664
62663561613436303831323535633337653335323730366539373633336362636662376435376562
66373034633766626139376632333065666335376237343232393838383363653566663830316132
62323661323066333030613765363562393937316633613131373535663161623635643936336534
39313661336261306135623464653132333030613035616331663131323430373161333265396236
30343939653837313962313830336330373966366537326364646236633731613365353036363563
65306433313262613232383838353961353131363931376266373966626232616161316666373832
30643130326235366634663830646131613135353638623231623535306566613238333530366365
62373532626664353362343663366564633735356563343732353632393532666666656238656634
65613739303662386435316239353033353532623634636133326265386365663338636234346138
63643838303933633065313163616634343236383835653866336439346336306338643637633734
34316530333635623931346265353836633266626130356530383633646537356531376639373461
61623636363463323638663332343039336137313132336636666131303562643332316334313031
33616565663164616330326137353532303763626163323834636436313736383636663433666364
65303261376139616261663262313461336539393834633134343936303536643833643633643738
64646361393464323665636539663439396463383232616438623634643461613762613639396535
31623165396138623130663739366431633532623435333933313863356234313762353165386465
31666162326163646331613333303736373263373264323939376236336538623234653166326335
66363963306331303632646331326662313762623366363931623138616237323034626165653131
30333034393737626264663766373366346537353135393739366366376135346433333461666232
31346639303665626164653433646561353163396136363739356331373566666664396365646165
37396631363434323663383734363965303633353361363065636233313362353161613730323065
33303363613132393731363434353266346564363337613035316462383838393233666361663563
61386438396139383438633162373865303761343837356439636334643732646432663832616537
33636237616638653661396134646431303065376236366434613466323231333232326464323065
39653937616161326436323665363363363036333664343861303339316135386363363235373862
61386333336261623330356561626164656539353934303762353539336532396137363134623738
33646366623063633034346533313832333637373638303830343331373634346330346462323631
61386330343234386435376133386233343565333735306431643238663833333130323236323132
33393261653436633435623233656462333237343335386535333862646535613738643339633364
30636431646432613830363331313639313136353131633564343632623338383965613266643362
39616536646639666330373039653537616665323161333831316330393462636231343838633731
37356138313034386137383138353062666236313963653861656336313739303261386631346138
34353038373737383264656332306564353333633363356434356339656530393034626661373664
6631333538326363626135393531386337343162363665643832
